0.000000000000000000e+00
0.000000000000000000e+00
0.000000000000000000e+00
0.000000000000000000e+00
0.000000000000000000e+00
0.000000000000000000e+00
0.000000000000000000e+00
0.000000000000000000e+00
0.000000000000000000e+00
0.000000000000000000e+00
0.000000000000000000e+00
0.000000000000000000e+00
0.000000000000000000e+00
0.000000000000000000e+00
0.000000000000000000e+00
0.000000000000000000e+00
0.000000000000000000e+00
0.000000000000000000e+00
9.200000017881393433e-02
9.200000017881393433e-02
9.300000220537185669e-02
9.399999678134918213e-02
9.499999880790710449e-02
9.600000083446502686e-02
9.700000286102294922e-02
9.799999743700027466e-02
9.899999946355819702e-02
1.000000014901161194e-01
1.019999980926513672e-01
1.030000001192092896e-01
1.049999967217445374e-01
1.070000007748603821e-01
1.089999973773956299e-01
1.110000014305114746e-01
1.129999980330467224e-01
1.150000020861625671e-01
1.169999986886978149e-01
1.190000027418136597e-01
1.209999993443489075e-01
1.230000033974647522e-01
1.260000020265579224e-01
1.280000060796737671e-01
1.299999952316284180e-01
1.330000013113021851e-01
1.360000073909759521e-01
1.389999985694885254e-01
1.420000046491622925e-01
1.449999958276748657e-01
1.480000019073486328e-01
1.519999951124191284e-01
1.550000011920928955e-01
1.589999943971633911e-01
1.630000025033950806e-01
1.669999957084655762e-01
1.710000038146972656e-01
1.749999970197677612e-01
1.790000051259994507e-01
1.860000044107437134e-01
1.909999996423721313e-01
1.959999948740005493e-01
2.010000050067901611e-01
2.090000063180923462e-01
2.169999927282333374e-01
2.259999960660934448e-01
2.349999994039535522e-01
2.440000027418136597e-01
2.560000121593475342e-01
2.680000066757202148e-01
2.809999883174896240e-01
2.939999997615814209e-01
3.100000023841857910e-01
3.289999961853027344e-01
3.499999940395355225e-01
3.740000128746032715e-01
4.009999930858612061e-01
4.320000112056732178e-01
4.679999947547912598e-01
5.109999775886535645e-01
5.669999718666076660e-01
6.280000209808349609e-01
6.840000152587890625e-01
9.160000085830688477e-01
9.160000085830688477e-01
1.070000052452087402e+00
1.717000007629394531e+00
1.641000032424926758e+00
1.590999960899353027e+00
1.621999979019165039e+00
1.603000044822692871e+00
1.610999941825866699e+00
1.605000019073486328e+00
1.485999941825866699e+00
9.089999794960021973e-01
0.000000000000000000e+00
0.000000000000000000e+00
8.029999732971191406e-01
7.960000038146972656e-01
7.369999885559082031e-01
6.510000228881835938e-01
5.709999799728393555e-01
5.249999761581420898e-01
4.880000054836273193e-01
4.539999961853027344e-01
4.250000119209289551e-01
4.300000071525573730e-01
4.359999895095825195e-01
4.379999935626983643e-01
4.410000145435333252e-01
4.440000057220458984e-01
4.469999969005584717e-01
4.499999880790710449e-01
4.539999961853027344e-01
4.569999873638153076e-01
4.609999954700469971e-01
4.650000035762786865e-01
4.699999988079071045e-01
4.740000069141387939e-01
4.790000021457672119e-01
4.839999973773956299e-01
4.900000095367431641e-01
4.959999918937683105e-01
5.009999871253967285e-01
5.080000162124633789e-01
5.139999985694885254e-01
5.210000276565551758e-01
5.279999971389770508e-01
5.350000262260437012e-01
5.419999957084655762e-01
5.509999990463256836e-01
5.590000152587890625e-01
5.680000185966491699e-01
5.789999961853027344e-01
5.899999737739562988e-01
6.000000238418579102e-01
6.100000143051147461e-01
6.179999709129333496e-01
6.250000000000000000e-01
6.309999823570251465e-01
6.560000181198120117e-01
6.679999828338623047e-01
6.830000281333923340e-01
6.959999799728393555e-01
7.059999704360961914e-01
7.070000171661376953e-01
7.139999866485595703e-01
7.469999790191650391e-01
0.000000000000000000e+00
1.393000006675720215e+00
1.389000058174133301e+00
1.389000058174133301e+00
1.450000047683715820e+00
1.282999992370605469e+00
1.241999983787536621e+00
1.238999962806701660e+00
1.246000051498413086e+00
0.000000000000000000e+00
0.000000000000000000e+00
0.000000000000000000e+00
2.421000003814697266e+00
2.546000003814697266e+00
2.579999923706054688e+00
2.582999944686889648e+00
2.559000015258789062e+00
2.519000053405761719e+00
2.526000022888183594e+00
2.515000104904174805e+00
2.487999916076660156e+00
2.490999937057495117e+00
2.484999895095825195e+00
0.000000000000000000e+00
2.424999952316284180e+00
2.457000017166137695e+00
2.470000028610229492e+00
2.457000017166137695e+00
2.457000017166137695e+00
2.464999914169311523e+00
2.463999986648559570e+00
2.448999881744384766e+00
2.441999912261962891e+00
2.434000015258789062e+00
2.457000017166137695e+00
0.000000000000000000e+00
1.804999947547912598e+00
1.824000000953674316e+00
1.819000005722045898e+00
1.822999954223632812e+00
1.774000048637390137e+00
2.022000074386596680e+00
2.079999923706054688e+00
2.099999904632568359e+00
2.088999986648559570e+00
2.076999902725219727e+00
2.092000007629394531e+00
2.115999937057495117e+00
2.259000062942504883e+00
2.563999891281127930e+00
2.555999994277954102e+00
6.570000052452087402e-01
6.570000052452087402e-01
6.269999742507934570e-01
6.050000190734863281e-01
5.809999704360961914e-01
5.559999942779541016e-01
5.339999794960021973e-01
5.149999856948852539e-01
4.939999878406524658e-01
4.819999933242797852e-01
4.650000035762786865e-01
4.460000097751617432e-01
4.350000023841857910e-01
4.259999990463256836e-01
4.110000133514404297e-01
4.029999971389770508e-01
3.880000114440917969e-01
3.790000081062316895e-01
3.700000047683715820e-01
3.619999885559082031e-01
3.540000021457672119e-01
3.470000028610229492e-01
3.400000035762786865e-01
3.330000042915344238e-01
3.269999921321868896e-01
3.210000097751617432e-01
3.160000145435333252e-01
3.109999895095825195e-01
3.059999942779541016e-01
3.009999990463256836e-01
2.969999909400939941e-01
2.930000126361846924e-01
2.890000045299530029e-01
2.849999964237213135e-01
2.809999883174896240e-01
2.779999971389770508e-01
2.750000059604644775e-01
2.730000019073486328e-01
2.709999978542327881e-01
2.700000107288360596e-01
2.700000107288360596e-01
2.730000019073486328e-01
2.770000100135803223e-01
2.879999876022338867e-01
2.949999868869781494e-01
3.050000071525573730e-01
3.170000016689300537e-01
3.289999961853027344e-01
3.429999947547912598e-01
3.580000102519989014e-01
3.740000128746032715e-01
3.919999897480010986e-01
4.120000004768371582e-01
4.339999854564666748e-01
4.580000042915344238e-01
4.850000143051147461e-01
5.159999728202819824e-01
5.529999732971191406e-01
5.939999818801879883e-01
6.389999985694885254e-01
6.940000057220458984e-01
7.200000286102294922e-01
0.000000000000000000e+00
7.419999837875366211e-01
0.000000000000000000e+00
0.000000000000000000e+00
1.562000036239624023e+00
1.574000000953674316e+00
1.557999968528747559e+00
1.570000052452087402e+00
1.547000050544738770e+00
1.549000024795532227e+00
1.549000024795532227e+00
1.588000059127807617e+00
1.577999949455261230e+00
1.195000052452087402e+00
8.119999766349792480e-01
8.119999766349792480e-01
6.909999847412109375e-01
6.069999933242797852e-01
5.350000262260437012e-01
4.729999899864196777e-01
4.269999861717224121e-01
3.910000026226043701e-01
3.580000102519989014e-01
3.310000002384185791e-01
3.079999983310699463e-01
2.879999876022338867e-01
2.709999978542327881e-01
2.560000121593475342e-01
2.419999986886978149e-01
2.290000021457672119e-01
2.189999967813491821e-01
2.090000063180923462e-01
2.000000029802322388e-01
1.920000016689300537e-01
1.850000023841857910e-01
1.770000010728836060e-01
1.729999929666519165e-01
1.669999957084655762e-01
1.609999984502792358e-01
1.570000052452087402e-01
1.509999930858612061e-01
1.480000019073486328e-01
1.420000046491622925e-01
1.389999985694885254e-01
1.369999945163726807e-01
1.319999992847442627e-01
1.289999932050704956e-01
1.260000020265579224e-01
1.230000033974647522e-01
1.199999973177909851e-01
1.169999986886978149e-01
1.150000020861625671e-01
1.129999980330467224e-01
1.110000014305114746e-01
1.089999973773956299e-01
1.070000007748603821e-01
1.049999967217445374e-01
1.030000001192092896e-01
1.010000035166740417e-01
1.000000014901161194e-01
9.899999946355819702e-02
9.700000286102294922e-02
9.600000083446502686e-02
9.499999880790710449e-02
9.399999678134918213e-02
9.300000220537185669e-02
9.200000017881393433e-02
9.099999815225601196e-02
0.000000000000000000e+00
0.000000000000000000e+00
0.000000000000000000e+00
0.000000000000000000e+00
0.000000000000000000e+00
0.000000000000000000e+00
0.000000000000000000e+00
0.000000000000000000e+00
0.000000000000000000e+00
0.000000000000000000e+00
0.000000000000000000e+00
0.000000000000000000e+00
0.000000000000000000e+00
0.000000000000000000e+00
0.000000000000000000e+00
0.000000000000000000e+00
0.000000000000000000e+00
0.000000000000000000e+00
0.000000000000000000e+00
0.000000000000000000e+00
0.000000000000000000e+00
0.000000000000000000e+00
0.000000000000000000e+00
0.000000000000000000e+00
0.000000000000000000e+00
0.000000000000000000e+00
0.000000000000000000e+00
0.000000000000000000e+00
0.000000000000000000e+00
0.000000000000000000e+00
0.000000000000000000e+00
0.000000000000000000e+00
0.000000000000000000e+00
